initial distance final distance
11.7438        41.8199
14.7963        56.1504
6.76128         322.28
10.3855        14.2649
18.0461         641.96
13.636        58.5803
6.73447         35.065
15.8441        9.67571
14.0731        121.683
15.4396        82.7214
11.3432        29.7042
14.1904        27.0827
12.1602        116.032
14.4873        449.936
17.0494        160.413
13.6844        129.588
15.9385        20.7804
13.0663        18.5413
9.88984        30.5165
8.61954        169.452
17.8984        64.8129
18.5001         125.89
17.9423        264.019
12.8909        278.829
16.7104        282.843
19.6806        10.6611
12.537        16.0867
14.8389        481.642
18.9442        206.551
13.7195        37.8778
16.4769         256.24
11.8288        61.8107
11.302        25.7318
18.0715        15.0668
19.2596        47.4161
19.1841        56.5738
18.1195        1932.84
17.3965        299.091
8.9333        362.605
18.3454         30.065
16.6004        34.2483
16.6856        13.7817
9.25029        11.0664
19.4292        14.5778
13.2473        8.28002
15.6968          395.7
16.7647        12.3461
19.0145        61.1156
13.5403        27.9532
18.3541        47.4487
19.9515        115.313
14.2062        407.369
8.41193        246.151
17.7731        15.5778
18.9753        52.8308
12.6055        581.031
15.4208        65.7691
17.9801        39.1321
18.6041        13.4584
11.0963        58.4406
19.3999        194.733
18.3541         19.391
5.59922        582.098
14.1714         162.83
15.2502        49.0157
19.1493        42.3668
15.9276        75.0626
12.4714         19.664
5.83808        604.671
11.2514        38.7717
5.61475        191.027
8.87376        8.39092
16.264         20.382
17.8679        31.7815
7.97565        14.7405
13.6844        497.512
18.7629        11.5949
4.32342        202.021
17.3225        149.182
18.9775         182.19
19.7649        109.866
19.4701        49.1507
13.924        42.4309
8.1814        390.632
13.9921            179
17.6579        718.671
12.8457        33.6361
17.6221        61.7371
17.1466        64.1982
17.5613        23.8695
16.7142        7.48031
12.6259        5.78186
12.7403        300.296
18.5471        48.9721
9.79236        170.588
15.5309        21.7573
15.5961        15.2014
6.19966        52.0133
16.8158        2012.67
7.0513        20.9552
