initial distance final distance
19.3328         17.065
13.311        10.3195
17.1269         27.982
17.5985        451.545
5.24206        3.67293
6.62689        5.83489
14.8905         13.318
11.5829        10.4712
18.562        16.0428
19.7093        16.6936
19.9441        16.1935
13.9508        11.5319
17.3449        14.5757
19.6663        7.05829
15.3948        12.8639
19.0233        15.9631
13.1731        10.5519
19.9923        17.4393
13.7139        12.7058
10.5342         41.354
18.8396        72.1827
19.9228        16.8162
6.72369        3.77522
17.6438        14.7796
10.7145        78.5871
7.36604        5.37564
16.0112        26.7202
18.909        16.2782
16.9083        13.7647
10.1247        7.99777
12.9465        71.8626
19.4003          16.96
12.0222        10.1411
5.29483        4.98519
13.5855        11.6797
19.4124        17.0486
16.2536        13.8723
16.4203        13.2214
13.2045        10.7079
10.3026        7.23016
4.46257        4.91179
11.9308        8.48564
7.86276        19.0636
18.9011        15.7686
12.8899        10.4488
18.7205         16.041
13.1105        10.0767
10.7152        8.52397
9.75659        7.67966
16.722        15.0312
6.57082        12.2802
16.2674        13.1547
17.0882        14.4052
11.3128        9.25926
11.2314        23.8338
19.4615        16.5795
9.50838        17.1711
9.43947        7.54651
15.2264        55.1409
18.8878        15.6563
14.5495        12.0504
4.51108        3.00885
19.4611        16.5787
17.3154        14.9459
10.1191        8.20245
12.7177        9.91766
4.42963        3.96989
11.6198        8.59112
17.5193        41.4821
14.3535        67.6728
14.7672        13.0525
4.6954        3.85858
9.11811        6.64648
17.3884        13.2781
12.3664        10.1614
14.8622        11.7253
19.7167        17.3081
17.5872        15.1908
19.9543        17.7027
15.8373        54.3468
15.959        13.2418
18.5823        16.7448
12.1613        9.82747
16.5761        13.5268
17.7962        15.0407
16.3042        13.5329
17.9038        15.5641
18.9789         16.085
19.4232        16.6466
19.5894         17.178
11.2598        9.29473
7.75194         83.935
17.0891        14.7736
17.4388        525.494
7.08389        82.1151
17.7841        15.4048
19.8712        16.9899
8.03912         6.8924
15.878        13.3973
17.8888        15.2278
