initial distance final distance
19.681        4.70681
7.24869        3.76651
12.0977        3492.47
14.4453        6.27381
18.6039         5.0152
16.6771        6.89366
18.3157        7.00631
12.977        4.19565
14.9846        41.1054
17.8485        5.22841
15.5824        12.4522
15.7865        5.64347
13.8937        22.7339
19.9543        6.64444
18.9415        6.97563
19.6629        33.0413
11.9821        4.95476
19.3372        10.2332
4.50307        1.46561
14.4718        56.5998
10.851        255.701
13.3641        23.4691
16.159        19.7639
19.1437        12.0834
18.4765          4.604
17.9172        49.4107
12.2585        39.1583
17.6161        6.85441
16.6563        11.2644
19.3086        7.06678
17.7609        6.52996
18.1916        28.6686
14.969        62.9451
13.5828        4.29199
17.247        5.38771
12.2855        40.4706
19.0854        2.83167
9.31077        107.085
19.0733        5.75793
15.1214        124.812
7.46957        5.60461
12.3087         3.5591
9.87985        6.38366
14.5817        6.31938
17.7304        7.24835
12.4431        122.523
15.176        4.93151
16.8221         106.18
12.8066        5.17782
14.272        7.36769
13.0811        2642.07
6.29146        1.07163
17.1822         47.159
15.3965        4.48812
10.8655         28.571
6.65825        38.1544
14.055        6.42702
15.8929        5.23986
19.7447        7.92827
10.9868        3.70994
18.6959        5.55803
8.16312        3.87041
17.6775        49.9766
16.7601        297.131
16.2628         4.4987
16.4634        33.1925
19.0455         7.5705
10.5751          83.69
17.9326        209.999
16.8023         4.6198
12.8511        2.96036
17.3973        6.05811
13.9858        3.73273
14.4496        3.93419
13.061        6.99028
16.3097        5.33439
8.00624        2.66542
14.4927        166.068
16.0448        6.12067
14.7384        5.05017
3.98398        4.26891
11.5158        220.285
19.8086        6.05532
16.8989        5.04946
18.8302        5.26485
19.1253        5.81169
14.7654        5.53878
15.9516        143.041
9.68771        4.93237
17.6715        209.267
11.1443        5.14154
14.4768        24.1835
15.2327        164.144
15.8706        50.3489
12.8983        3.76993
17.1377        259.843
13.1223        3.32524
17.9531        5.97456
17.7617        3.41593
15.2579        4.04022
