initial distance final distance
16.8872        10.0572
16.7177         19.659
14.3491         1256.6
19.0179        566.142
19.4491        36.6757
19.9257        71.5557
8.3738        6.84415
16.7705         7.1264
12.1122        393.759
15.4379        266.635
14.6035        192.265
18.6879        13.6775
17.2393        196.873
14.0203        14.1783
16.7607        68.4804
10.1768         6849.9
17.2738        27.3594
11.9205        31.7299
7.01345        27.5341
9.29101        141.685
11.2327        13.4747
13.8042        60.0612
19.9099        14.8324
18.7853        20.8333
18.2075        65.7204
10.3703          437.6
12.1099         969.17
19.7813        221.377
9.81691        922.018
17.8669        2560.32
17.074        494.273
14.13        13.2594
16.3067        6.69546
17.1709        60.4774
18.2758        36.6948
3.85144        14.6312
14.4865        1126.98
13.2917        28.0395
16.2517        45.6468
17.967        9.51619
19.6923        74.6851
8.39926        238.748
8.82387        214.501
19.6764        42.3574
14.414        46.1063
14.1957         7.0626
19.3533        8499.65
11.4298        119.854
14.4733        55.3883
19.0565        12.7521
15.3803        38.8238
16.9915        26.7924
18.5815           9724
12.964        77.9278
9.77366        7226.73
11.5908        143.378
18.1455        4.94915
16.6742        159.266
19.0554        50.3652
19.5663        96.2351
8.24653        1688.41
11.697        38.4737
15.4754        15.5081
16.3162        24.7195
12.8378        27.5379
12.4394        6.65896
16.4276        418.558
11.4435        107.796
13.9021        10.2827
19.5771        244.589
15.5901        17.6274
16.95        160.761
18.3227        433.088
17.9526        27.0363
10.387        14.4842
12.7663        17.4208
11.1594        7.47588
19.1854        433.871
19.0037        25.1133
17.9526         50.102
17.826        68.8625
13.1043        12.5096
14.5047        250.927
9.58163         9.6975
19.0843        5.56115
9.88984        12.2901
8.70736        1930.26
17.4858        189.009
18.141        248.872
11.6946        920.232
16.5334        941.008
13.5744        270.783
13.8886         919.69
17.2664        531.276
16.5817        1005.94
13.3417         47.768
19.9651        3245.58
16.6134        409.593
16.0508        7.03692
18.1529        66.8684
