initial distance final distance
18.4555        151.904
16.9661        140.581
12.3824        318.402
14.1238        613.145
2.41932        28.9352
18.9542        19.9119
13.3312        16.9656
19.7367        178.349
15.7298        15.9837
10.0495        471.454
19.0596        234.818
19.4973        573.755
16.8823            247
16.5791        228.583
18.3042        2.38422
9.82029        5.90199
10.2167        6.22764
6.98187        24.1024
14.5537        14.2246
19.5784        204.046
17.2317        31.2706
15.1459        78.0809
18.9506        22.8025
9.89732        16.8147
19.2359        20.6131
14.3491         8.5836
19.8716        696.732
18.6921        1290.26
19.0999         8.8956
17.5674        3.99924
17.8908        4.30215
16.214        11.2532
13.7841         117.88
15.541        8.14585
12.6813        231.558
7.41076        15.7152
13.3972          12.93
10.7152        21.0559
17.0385        25.1655
19.2315        17.2769
17.2478        17.1081
12.6616        22.9112
18.9508        198.535
14.9994         16.839
19.7359         33.666
14.0961        37.0713
16.7467        148.363
12.4452        334.893
19.931        276.684
4.01451        19.6163
11.6492         148.83
18.9861        198.698
18.6749        183.081
5.79478        4.82845
12.2936        385.337
13.7178        4.27243
19.7169        11.4554
18.8735        10.8224
14.5155        3.55495
19.3439        1420.18
18.4079        12.9803
15.5049        15.8057
17.5761        2.05012
14.0224        9.02668
10.6323        13.1667
18.2164        10.6122
10.507        402.159
18.9798        23.9261
19.2125        119.603
14.5237        26.2323
17.0966        20.4482
14.8765        102.514
19.3252        136.485
14.1657        3.93986
1.43091        11.4575
15.3552        4.55314
16.3883        17.5602
14.9041        6.58112
16.1375        425.652
16.5343        23.1668
9.92632        333.061
10.8909         23.155
15.7008         16.794
12.8304        17.6541
19.8375        7.99701
12.8289        87.1356
19.32        32.0633
15.3479         7.3737
12.7051        17.2212
16.542        3.08822
16.1065        15.2668
17.3509        12.6158
17.6284        35.9242
15.5208        21.3219
18.3544        191.007
17.0278        7.33763
14.4504        13.7365
14.7855        3.42342
19.5275        21.0876
14.5771        4.70844
