initial distance final distance
15.1143         4.2858
15.6485        89.2205
13.4671        5.11214
16.5235        48.8856
10.5511        3.70666
13.6128        4.75227
8.56441        9.61416
9.52007        152.211
16.6225        8.93351
19.2092        4.13152
18.2733        2.84068
14.8271        14.4285
15.9555        14.4686
13.2797        66.4079
13.8506        6.80644
11.3955        45.3597
11.5799         2.9997
11.1246        78.8289
13.1228        19.0676
10.3741        6.90013
6.03213        76.4888
6.66741        101.556
6.25839         68.292
13.0572        11.4825
12.4215        100.631
18.3869        170.706
7.00185        1.10983
16.6493        93.0169
17.5674        444.572
18.4457        13.0957
6.58399        40.6424
17.6717        83.1262
12.8235        15.9975
17.5679        536.409
9.02615        18.8952
19.5057        15.6488
12.2292        102.914
8.88614         82.218
6.7002        14.9175
12.0872        161.088
17.9035        4.79951
15.6408        18.7665
19.4626        9.64176
13.2087        15.0217
18.978        10.7583
15.5313        5.58411
19.6078          9.167
18.0077        11.0399
19.0778        12.6449
17.096        10.6852
17.473        308.857
12.8155        42.5398
14.2732        11.0351
11.5787        4.17223
19.1858         18.934
18.7012        435.707
13.9817        16.6528
18.1254        165.444
19.5247        2.63017
17.8661         11.528
7.57173        81.6289
11.3191        5.99553
18.989        11.2972
17.1797        17.4852
13.2635        4.62252
9.63803        162.065
12.2774        6.95275
17.0854        10.5228
11.6083        7.58423
5.62506        4.71834
19.8938        499.193
18.6613        11.1852
11.5189        5.52265
12.3951        95.7544
8.60967        196.693
9.37972        88.0444
10.1768        83.0835
10.3224        8.12389
14.7654        12.0093
16.1743        13.5228
12.6142        9.20061
16.7249        2.27808
17.5508        275.241
15.9132        85.6611
4.78593        63.2614
7.51452        6.85842
18.3278        9.84264
17.6307        7.99967
15.4737        20.7848
14.8019        39.4438
12.3183        4.69828
17.4661        16.6629
10.7194        4.75823
18.5896        15.7749
14.8        13.0556
12.0087         4.5773
12.9022        2.64773
17.8339        3.01907
19.5313        11.6759
13.2621        9.71259
