initial distance final distance
19.3962          22.31
15.833        19.0377
11.2636        354.815
14.8089        28.0297
18.7214        1567.26
19.73        5.77351
11.8037        27.0967
10.5173        14.4548
14.5641         734.51
16.4814        10.8721
13.9479         43.749
14.0302        242.623
9.88734        125.482
14.8204        17.8738
17.1166        74.3788
13.5943        8.32524
13.4113        30.7894
19.6182        9.76056
16.6304        9.17099
7.5518        165.132
11.0791         21.263
12.0351        129.025
18.7839        4.97174
16.2499        9.55074
16.7351        501.227
19.1014         148.05
16.8903        40.9906
17.5645        425.724
18.971        42.3751
15.1552        110.785
18.8254        22.6554
18.9556        32.9723
19.6019        6.08516
5.97113        19.7567
16.1297         16.386
13.2635        19.0607
18.673         11.007
6.70745         17.422
12.4168        35.9549
12.0458        34.1611
8.99709        96.7237
19.404        164.569
12.3253        731.967
6.81953        136.609
18.2477        8.13031
16.963        22.6851
11.2456        1371.46
15.5167        18.1523
10.6092        5.62136
18.8136        1791.76
19.59         33.819
19.2592        31.4842
19.2938        12.8542
17.1877        52.9364
14.8533        9.99088
19.0936        21.1467
9.82198        1416.98
15.761        10.8394
18.7161        124.992
6.7595        7.05362
15.8074        84.7023
14.8563        36.0931
16.2566           56.3
14.0161        176.106
15.9784        10.5884
12.1487        56.1845
18.5459        50.3547
19.2451        6.68516
16.4255        9.17868
16.8034        248.172
14.0128        38.4135
12.9751        23.3608
8.96075        233.491
19.0646        69.7262
15.2792        168.538
17.9929        38.7391
17.1883        294.542
14.3424         43.774
12.7813        8.27374
19.7102        27.7922
18.1788        218.651
11.9894        9.49892
4.77168        8.06002
19.6875        29.0118
18.3795         41.853
12.4525        208.497
19.6965         10.918
17.6535        47.7838
15.9523        10.6599
10.5729        30.1357
16.6525         7.9731
19.894        43.6731
16.4847        51.4108
15.3614        55.5909
7.10007        18.2719
15.2813        50.3928
17.0295        53.0636
14.0298        195.664
13.667        18.1135
18.2463         8.7153
