initial distance final distance
13.4049        8.83255
19.7822        73.9639
18.9911        3.07237
9.80084        4.04618
13.9454        1.81536
17.7201        53.5742
18.1682        4.84002
19.738        5.49224
18.0857        3.29138
17.0059        4.81847
18.5766        15.4771
17.2303         1076.2
12.4965        468.322
7.74517        341.352
19.8052        2.89315
13.4819        17.3997
13.924        24.7269
9.91474        4.94792
6.08314        123.947
17.3892        3.49135
10.0559        204.296
16.5238        2.97476
15.1555        6.13587
17.7172        4.65104
18.4539        2.77946
15.4553        4.91721
17.9068        2.86309
14.2999        5.69342
16.1562        2.99752
15.5686        38.6116
16.2846        2.52048
10.7293        3.38958
16.7433        4.90146
6.86818        4.57355
11.745        39.0759
12.485        39.4218
11.0425        3.20828
14.7583        186.107
18.4543         10.683
13.5916        7.84193
18.8256        2.62942
17.8561        4.00671
17.3263        8.54925
16.8448        6.33861
13.3941        6.94658
10.8785        4.60971
16.1012        1572.66
12.7967        4.32479
9.65639        9.23826
14.8614        3.00668
19.107        206.321
18.013        5.61637
10.9353          591.1
11.5195        28.8543
18.701        6.89797
5.93438        134.419
16.16        4.44348
14.9318        20.3826
12.7051        3.51754
18.0411        1333.65
16.6592        55.6577
17.2708        4.73522
15.4154        4.08917
17.5745        886.531
18.9877        168.912
12.4299        2.17576
18.7793        3.71519
19.3502         3.6465
17.4059       0.339769
8.61296        320.834
8.04415        218.502
8.08917        24.6061
18.7458        5.63229
10.2764        4.69983
15.0986        156.549
18.5129        35.2868
17.3908        4.70196
18.5075        423.708
14.0174        6.68375
11.007        7.70358
15.965        165.796
12.3595        3.62405
6.57459        7.64725
19.0309        3.57458
19.4712        1.75605
18.2294        1.83139
15.3827        3.85618
8.18869        2.15186
19.0809        3.77618
13.6158        1.47703
11.2347          3.931
18.4637        460.763
19.9645        60.8994
11.8218        2.74051
15.9481        2.60318
16.6498        4.51162
14.6244        7.15156
11.2192        3.55594
15.9708        176.778
14.398        3.50212
