value of dt: 1e+06initial distance final distance
13.3912        16.3473
16.3584        14.0337
15.2022        44.8959
12.8529        11.8418
9.1683        4.63055
18.0123        16.9086
10.1797        16.6346
16.698        40.3376
12.2298        23.7991
18.9525        9.43787
11.6751        3.29652
18.7908        4.64804
19.5931        26.2611
18.2955         5.9792
18.7001        17.2914
18.6676        52544.2
19.2108        99.3991
17.9757        39.9755
18.7574        5.95443
17.9335        178.733
17.4306        27.0849
16.9399         7.7179
7.49614        6.39465
15.7764        37.3429
16.0154        5.17068
8.78238        2.86887
18.8152        33.7959
19.8564        9.02444
17.728        42.4474
16.8236        5.47627
8.19014        450.027
14.9424         59.252
11.4467        6.60107
18.7135        110.807
16.6552        47.0899
16.4737        6.57961
15.8064        4.61287
16.0185        1.42516
11.7202        4.97473
18.447        4.14698
9.72661        5.93216
14.6277        22.1327
15.2425        19.8118
11.8789        5.79464
15.4085        2.86529
3.0009        4.14188
17.4215        4.70503
13.6256        38.1209
17.7177        8.16656
17.0813        5.06117
18.7227        15.1882
19.6571        23.7728
17.0338         4.0352
19.1517        43.0035
12.0946        57.5676
10.8684         27.452
18.4161        4.64229
19.4132        5.09369
16.2913        15.0208
14.1616         5.4521
19.6841        3.06703
14.7872        29.3436
9.98637         4.1865
13.4154        51.9328
18.2136        7.04327
7.93212        466.441
18.426        4.53193
14.8306        34.0832
15.3645        47.2571
9.86964        6.68054
11.5535        18.1132
18.4591        6.43789
13.2645        58.0003
10.6734        4.60826
16.6457        22.8874
5.65583        10.0143
15.8065        12.2704
17.3298        31.8336
18.6401        248.527
17.465         9.2323
18.8899        14.3539
10.8556        7.40785
16.5574        9.65092
17.6115        4.42889
14.54        52.1296
19.2584          50172
14.346        26.4858
16.8091        10.1105
15.6722        4.89563
16.6027        4.43623
12.0986        42.3677
14.5171        7.15867
15.4323        4.82826
16.6486        23.8906
6.63135        8.48048
16.8081        32.7552
13.5435        23.5728
19.7936        27.7532
19.8509        26.3369
18.4827        8.63396
