value of dt: 10000
initial distance final distance
9.0246        112.771
18.9487        59.0369
14.4337        6.21546
11.809        4.24782
14.5601        20.1085
13.6363        4.75514
17.6774         5.5135
16.4201         973.96
8.44526        1.19195
9.77694        2.00393
12.1184        2.59997
6.17747        20.4893
12.8579        46.3072
18.3278        3.80358
10.8759        3.76266
15.5626        4.09408
17.1536        5.48834
19.4104           3.91
15.3997        2.50982
19.3638        4.59997
15.7401        866.529
12.3673        71.2089
18.183        15.7133
17.7762        2.86089
18.4027        6.77597
15.8599        2.33454
4.80225        24.4847
14.3648        3.75998
8.32066        9.36815
19.6358        957.366
12.4097        12.2943
6.92191        124.317
11.7834        324.512
9.40338        1.99853
19.6304         3.6991
9.73335        4.01193
19.5217         7.2515
8.6236        5.01972
9.84481        457.864
9.93487        369.082
11.8289         2.5737
16.8187         3.8178
13.6143        4.78598
17.1888        3.39742
13.7143        58.1423
16.2771        5.42497
18.2186        2.13094
16.9042        9.81536
19.9797        2.71032
14.6355        7.24246
17.7249        34.3944
14.7002        8.82793
18.0189        83.9306
15.3283        55.4301
12.6976        5.32333
19.5043        3.88066
19.754        8.22487
14.4607        43.5335
16.2996        5.45008
16.1395        5.42306
13.0366        4.99033
6.51297        4.99193
18.8686        3.58031
19.2881        3.61025
13.54        3.17963
5.86451        115.157
10.7897        297.534
17.1963        38.8377
16.2995         9.1758
19.9546        980.204
9.69659        124.127
9.59624        2.21201
16.654        5.40243
18.7968        3.71848
15.912         3.3006
19.4527        3.21088
17.0432       0.927076
14.1688        2.34186
18.0423        19.7849
18.1836         4.2952
18.5633        5.15861
16.6254        3.55768
15.5837        52.0659
12.1976        6.37323
13.1763        5.22372
19.3546        3.54137
4.96382        17.4541
16.6459        2.01386
19.7845        6.48209
18.0167        4.67779
14.6259        4.33497
12.1671        3.11947
12.8903        125.208
14.2085        5.27873
14.6694         5.1039
17.64        3.14471
12.7383        1.00627
12.9002        6.23064
14.1174        94.0801
7.35418         6.0594
