value of dt: 100
initial distance final distance
15.8028        9.98538
18.143         5.2627
19.9268        3.68287
11.5484        3.87417
18.3183        5.83043
18.6033        2.45615
14.6409        3.31154
18.8381        8.61999
15.0771          2.167
15.2374         239.15
17.2629        2.89089
11.6402        56.5339
11.1895        4.14309
5.5744        458.191
16.2033        6.63464
19.3949        5.09578
12.4646        3.25285
19.8414         1.4647
12.2662        6.02693
12.9009          6.151
13.8126        2.05765
13.6056        5.12335
18.8334        5.26895
19.3178        5.50636
13.807        7.85517
4.28239        524.725
13.5693        5.87578
1.75907         125.55
15.2405        10.2732
13.313         182.31
8.93213        3.60875
13.654        8.53271
17.9984        8.49886
13.5356        3.34443
12.67        3.71121
13.82        6.84724
13.9847        5.72015
17.6075        5.81122
11.4369        3.22606
13.15        2.98908
14.9337        4.55905
12.187        4.69159
19.3898        10.0042
17.2924        4.62089
15.3636        7.27775
19.0475        4.62697
18.4876        5.83077
15.5887        1.99005
19.2465        6.20392
12.9831        3.72496
19.2309        7.34393
8.12263        2.16391
9.92695        48.4298
19.2374        2.90131
12.9431        2.22309
16.8182        2.50103
19.0967        13.2696
14.8705        3.36958
12.0154        6.41419
18.0116        6.12577
12.5435        2.47544
18.9809         48.324
19.1139        8.67216
6.19954        4.01104
17.1948        4.62838
19.6208        2.47867
13.1753        6.16243
2.68556        129.655
18.38         5.4172
18.5205        6.41338
13.9651        5.08886
18.8072         1.8007
15.8064        4.05979
12.3938        13.8865
17.8496         6.8887
14.3021        177.338
8.09076        5.60734
16.89        32.3638
15.2973        148.623
15.7986        6.26233
4.60331        3.44618
19.2691        7.93373
11.8178        3.60023
8.25848        2.05404
14.4423        2.09463
14.684        351.993
17.9481        2.91906
12.2165        4.68792
13.7138        203.918
12.1284        2.31846
17.4146         9.1865
19.1697        54.4676
18.0817        5.77439
9.53323        2.10442
5.27362        4.02431
9.42157        5.26396
13.552        1.35849
19.4795        3.36689
19.6293        7.61415
10.6675        4.51213
