value of dt: 1000
initial distance final distance
14.6401        1.62682
16.7079        3.03385
17.9326        2.34815
17.7442        3.17608
19.5556        4.22678
19.408        1.52253
15.08        2.09935
12.1849        1.67745
13.6645        3140.35
16.2919        2.81378
16.0751        2.31285
16.4726       0.491588
14.9806         4.3641
16.4976        1.62448
17.5748        2.54419
14.2991        174.442
17.2717        1.68242
11.457        1.24872
17.1953        1.37248
14.0794        10.7246
6.45422        4.81554
18.9006        3.70767
9.0642        3.90693
16.7314        1.91326
19.6722        2.88753
15.8072        104.914
9.61706       0.813843
19.2481        2.86513
19.6917        1.16377
17.3346          396.9
7.89656        4.18077
16.6602        3.35593
18.4382        318.547
14.7232        4.18379
9.93546        2.60405
19.2329        139.621
16.9881        4.83779
17.9413        3.63701
15.2418        2.49403
9.09063        1.58746
12.0058        1.72839
13.8081        2567.33
19.9394        6.04581
17.0734        2.75597
18.4408        85.5721
10.7387        4.04505
9.29287        1.60365
12.8379        1.19732
18.8353        1.62447
15.3062        77.7794
15.3515        176.359
19.172        142.708
16.6612        2.89385
17.2096        4.04465
17.2649        5.00335
16.3692        5.38088
18.9139        2.82286
17.298        2.59355
18.8956        11.0964
14.6027          5.332
19.5627        1.45485
16.3332        179.125
18.5178         125.34
15.5129        314.927
19.7456        4.35959
14.7772        26.2753
17.579        2.03592
14.7633        9.59228
13.3104         6.1425
18.5611        73.4838
4.27404        4.53516
10.4444         1.0159
16.1483         50.204
10.6868        1.88905
17.2633        96.2624
18.4251        60.4908
17.9561        3.32466
16.5712        1.54248
16.6962        6.79797
16.8484          177.9
8.05149        1.43825
15.1681        2.05856
16.7899        3.41635
9.57248        1.92241
17.1213        4.42383
18.4736        3.86143
10.3859       0.745114
16.1755        4.38341
16.8878        6.22079
11.7429         3.9441
17.9202        237.824
8.91935        4.36489
18.9832        54.9836
18.6612        4.42602
15.0605        171.285
17.426         94.619
19.4451        1.54708
19.1571        3.37463
19.6124        2.39593
14.8131        1.60967
