value of dt: 100000
initial distance final distance
18.1642        89.4326
14.4053         11.949
19.8437        5.19488
18.9453        4.84324
19.134        5.70289
17.4286        112.252
15.9172        53.0664
18.9002        2.88106
13.2023        99.0742
16.2278        3.25105
15.6724        2.28116
14.8896        14.4482
12.2151        67.6878
19.5386        3.26793
11.3517        3.70585
11.3811        110.211
19.6636        2.46291
19.5497        17.5899
13.2181        12.4412
16.0082        40.5436
9.77664        9.72125
10.0643        4.50162
12.2605        2.25641
18.5863        2.98207
13.8071        30.1018
17.2819        5.02742
18.1725        3.19822
15.401        46.6418
14.9827         2.2345
13.2303        10056.6
19.645        2.18973
10.4869        32.2515
12.6423        5.91284
12.5934        6.26082
19.9021        5.05614
13.8964        41.1476
19.7403        5.01282
14.3298        10.9021
14.7135        13.4486
13.9625        2.04246
17.9938        122.493
7.02682        4.28798
17.7431        10.2547
19.4565        3.64105
17.2628        24.3021
7.27963        4.03925
13.6864        27.7023
14.8598        2.92436
12.6205        6.58162
10.196        40.5005
16.5498        13.8713
17.5044        3.60351
16.596        38.7507
15.8722        4.71144
12.7383         36.862
11.2085        14.0598
19.2951        346.631
11.1726        2.00239
15.4588        4.21935
11.3075        48.3898
17.0598        23.9718
18.0016        2.67929
17.33        4.48758
17.2118        38.4129
19.5861         2.5791
16.3011        38.8166
18.4072        5.76878
17.0097        18.3243
14.9301        1.22612
16.6813         104.79
15.3046        6.40894
18.1541        2.55812
16.1132        29.5642
15.5665        7.05834
16.0233        85.6622
13.3017        17.3891
19.0163        4.98172
16.1943        17.4601
17.9109        20.7488
17.526         1.8999
16.159        87.5772
18.9332        286.814
13.4799        11350.8
15.5745        29.9232
18.9183        3.15613
17.6469         2.5284
11.0789        20.9677
11.5667        31.2141
19.5334        1.55147
18.9182        2.00499
9.81837        21.1269
14.3341        18.8866
13.7515        4.01127
17.2321        106.236
19.6555        1.82476
11.5581        10.4081
19.3985        9.31469
19.2176        2.56917
18.0274        117.878
19.0483        8.68994
